3
985
5122 8097
5122 1058
5122 197
5122 615
5122 3208
5122 7948
5122 9278
5122 1580
5122 526
5122 239
5122 7344
5122 5105
5122 6356
5122 6773
5122 7543
5122 1788
5122 1662
9226 8097
9226 8070
9226 9841
9226 4439
9226 3661
9226 1232
9226 7601
9226 9331
9226 9813
9226 3894
9226 6871
9226 3416
9226 5242
9226 1788
9226 8670
9739 2828
9739 6554
9739 239
9739 2978
9739 3492
9739 1578
9739 4813
9739 9264
9739 1980
9739 9278
9739 7744
9739 197
9739 331
9739 9634
9739 3662
9739 5711
9739 9813
9739 8670
9739 615
9739 7023
9739 5105
9739 4309
526 7744
526 3492
526 197
526 615
526 4680
526 3298
526 1578
526 2475
526 2029
526 3662
526 6871
526 9946
526 8666
526 8670
3600 6871
3600 2828
3600 3600
3600 3995
3600 8861
3600 6174
3600 2978
3600 3492
3600 1578
3600 9007
3600 9278
3600 2367
3600 6466
3600 7948
3600 331
3600 9634
3600 5711
3600 1232
3600 3415
3600 8670
3600 8939
3600 6773
3416 2828
3416 1677
3416 3995
3416 3492
3416 1578
3416 2475
3416 1580
3416 7352
3416 7745
3416 8773
3416 4680
3416 331
3416 6871
3416 5464
3416 3298
3416 2282
3416 239
3416 6773
3416 1526
3416 1656
3416 1788
1555 7744
1555 7745
1555 331
1555 839
1555 7112
1555 1578
1555 2027
1555 4716
1555 4680
1555 8861
1555 7344
1555 5464
1555 9331
1555 6356
1555 1662
1555 1656
1555 9946
1555 7023
1555 1788
1555 6554
1555 8670
6174 8070
6174 7948
6174 1677
6174 8089
6174 6554
6174 6174
6174 9264
6174 7352
6174 8773
6174 839
6174 4680
6174 331
6174 1232
6174 9813
6174 5464
6174 9946
6174 8670
6174 2029
6174 239
6174 9841
6174 1656
6174 1788
1058 3235
1058 8939
1058 3661
1058 1197
1058 9331
1058 2027
1058 6773
1058 3415
1058 1656
1058 8089
1058 5242
1058 239
1058 8670
1578 8070
1578 8089
1578 6554
1578 2978
1578 3235
1578 7352
1578 8382
1578 7744
1578 8773
1578 6861
1578 5711
1578 9813
1578 4439
1578 8670
1578 2029
1578 9331
1578 1656
1580 3492
1580 8773
1580 1705
1580 2282
1580 2475
1580 6861
1580 3661
1580 9841
1580 9634
1580 5044
1580 4309
1580 2029
1580 6554
1580 239
1580 1788
1580 2367
9264 8385
9264 3492
9264 8097
9264 7112
9264 2282
9264 331
9264 4716
9264 4680
9264 8861
9264 7344
9264 7601
9264 2475
9264 3415
9264 1469
5173 7948
5173 1677
5173 3995
5173 8861
5173 3235
5173 9007
5173 5044
5173 7745
5173 197
5173 839
5173 4680
5173 3661
5173 1232
5173 9813
5173 4439
5173 8670
5173 3298
5173 8170
5173 8939
5173 2029
5173 9841
5173 7543
5173 1788
9278 7744
9278 1232
9278 9634
9278 3235
9278 9841
9278 1705
9278 8170
9278 8939
9278 2978
9278 3661
9278 7344
9278 5044
9278 3894
9278 1656
9278 5242
9278 5711
9278 1788
9278 8670
7744 8070
7744 1677
7744 3995
7744 9946
7744 8097
7744 3492
7744 1197
7744 7601
7744 6466
7744 197
7744 6871
7744 5711
7744 1232
7744 4439
7744 8666
7744 8170
7744 8939
7744 2029
7744 1656
7744 5242
7744 1788
7745 8070
7745 3208
7745 8338
7745 8852
7745 8861
7745 7601
7745 1714
7745 5044
7745 3894
7745 8382
7745 8773
7745 331
7745 3662
7745 1232
7745 3668
7745 9813
7745 6871
7745 6773
7745 1526
8773 4309
8773 9841
8773 2828
8773 2475
8773 3662
8773 239
8773 8852
8773 6356
8773 6773
8773 1526
8773 7352
8773 5242
8773 1788
8773 1662
8773 9813
4680 3208
4680 8097
4680 9634
4680 1197
4680 1454
4680 5044
4680 8382
4680 8385
4680 197
4680 7112
4680 331
4680 3662
4680 2027
4680 9841
4680 9331
4680 5242
4680 1788
2828 6466
2828 8070
2828 615
2828 2027
2828 2828
2828 3662
2828 7023
2828 3235
2828 3894
2828 7543
2828 1656
2828 7417
2828 1788
2828 1662
2828 197
3661 3235
3661 615
3661 6466
3661 239
3661 1232
3661 7601
3661 1714
3661 8852
3661 6773
3661 3415
3661 1656
3661 6554
3661 7023
3661 1980
3661 9841
3661 8382
3662 8070
3662 8385
3662 1677
3662 1197
3662 7601
3662 7864
3662 8382
3662 2367
3662 839
3662 7948
3662 7352
3662 6356
3662 4309
3662 8670
3662 3298
3662 8170
3662 5105
3662 6773
5711 3298
5711 197
5711 2027
5711 1677
5711 5711
5711 7601
5711 1714
5711 8852
5711 2709
5711 7543
5711 8089
5711 9946
5711 8670
7864 9634
7864 8939
7864 197
7864 8070
7864 1714
7864 4439
7864 4716
7864 4813
7864 7344
7864 7601
7864 8852
7864 6356
7864 8382
7864 7543
7864 1656
7864 5044
7864 3995
7864 8670
3668 3298
3668 7543
3668 8097
3668 7112
3668 2027
3668 4716
3668 4813
3668 1232
3668 7352
3668 6773
3668 3415
3668 1656
3668 7417
3668 5242
3668 1788
3668 8670
3668 2978
9813 8070
9813 7948
9813 1677
9813 8861
9813 1705
9813 1197
9813 1714
9813 3894
9813 7352
9813 6466
9813 839
9813 7112
9813 331
9813 4813
9813 4309
9813 6871
9813 5464
9813 3298
9813 615
9813 8170
9813 7023
9813 9841
9813 1662
7263 1232
7263 8939
7263 331
7263 1197
7263 9007
7263 2029
7263 1872
7263 1714
7263 8852
7263 4439
7263 6004
7263 8666
7263 3995
7263 8382
615 8097
615 8385
615 1788
615 1197
615 5105
615 1714
615 3415
615 5464
615 8089
615 239
615 1980
615 2978
4716 8939
4716 8070
4716 1705
4716 2282
4716 331
4716 7948
4716 7023
4716 5105
4716 8670
4716 3415
4716 7352
4716 1656
4716 8382
4716 2367
9841 7948
9841 8089
9841 6554
9841 3492
9841 2475
9841 1197
9841 1454
9841 1714
9841 3894
9841 2367
9841 6466
9841 331
9841 6356
9841 5464
9841 8666
9841 8670
9841 3298
9841 8939
9841 2029
9841 6004
9331 7344
9331 2978
9331 8070
9331 2282
9331 331
9331 7948
9331 4813
9331 1232
9331 8338
9331 6004
9331 6773
9331 1526
9331 7352
9331 7417
9331 1788
6773 6871
6773 8852
6773 2709
6773 8089
6773 3995
6773 197
6773 9634
6773 2475
6773 1197
6773 1454
6773 1714
6773 5044
6773 7352
6773 2367
6773 6466
6773 7112
6773 4813
6773 1232
6773 6356
6773 4309
6773 4439
6773 9946
6773 2978
6773 2282
6773 2027
6773 5105
6773 1662
1656 2978
1656 2709
1656 7352
1656 1705
1656 6004
1656 8666
1656 1788
1656 9946
1656 2367
5242 197
5242 3235
5242 3492
5242 2027
5242 6466
5242 1197
5242 9007
5242 3415
5242 8670
5242 6004
5242 8382
5242 1788
5242 1662
5242 2709
1662 8385
1662 2282
1662 8939
1662 1677
1662 6861
1662 8852
1662 4309
1662 1526
1662 7543
1662 6004
1662 1980
1662 8670
8319 3492
8319 1980
8319 331
8319 1197
8319 8338
8319 5044
8319 9946
8319 1788
3208 2475
3208 197
3208 8070
3208 839
3208 331
3208 9634
3208 1197
3208 3208
3208 7112
3208 4309
3208 5044
3208 2367
1677 7023
1677 8861
1677 8097
1677 3995
1677 1454
1677 1469
1677 6466
1677 331
1677 1232
1677 6356
1677 6871
1677 8666
1677 1872
1677 239
1677 7543
8338 9634
8338 8939
8338 8070
8338 239
8338 1197
8338 1454
8338 7023
8338 7601
8338 7352
8338 1469
8338 3995
8338 8861
8338 8670
8338 2367
8852 8097
8852 6466
8852 8670
8852 7112
8852 8170
8852 8939
8852 6871
8852 7344
8852 7543
8852 8089
2709 8385
2709 6466
2709 7023
2709 197
2709 8070
2709 2282
2709 331
2709 7948
2709 6871
2709 239
2709 3235
2709 6356
2709 7543
2709 1980
8861 8939
8861 3492
8861 839
8861 331
8861 1232
8861 6861
8861 1197
8861 7601
8861 1526
8861 6554
3415 1872
3415 6466
3415 2027
3415 1526
3415 8070
3415 2440
3415 8097
3415 8939
3415 2029
3415 7601
3415 4309
3415 6554
3415 8670
3235 8939
3235 197
3235 7112
3235 1705
3235 8170
3235 331
3235 1454
3235 9007
3235 5044
3235 8089
3235 239
3235 1788
1705 7112
1705 1872
1705 6356
1705 7543
1705 8670
1705 4309
1197 7601
1197 1469
1197 8382
1197 8385
1197 4309
1197 9946
1197 2282
1197 239
7344 8385
7344 2027
7344 8070
7344 839
7344 2440
7344 331
7344 7023
7344 7352
7344 8382
7344 3894
7344 7543
7344 8666
7344 1788
1714 5105
1714 8089
1714 239
7352 2978
7352 2027
7352 8170
7352 8939
7352 3298
8382 1872
8382 2978
8382 2027
8382 6356
8382 1788
8385 3492
8385 331
8385 4813
8385 6356
8385 7417
8385 9007
197 8097
197 1980
197 1872
197 4439
197 5464
197 8670
197 2282
197 1526
197 7543
4813 4309
4813 6356
4813 1872
4813 6004
4813 4439
4813 6554
4813 5044
6861 6466
6861 2475
6861 9946
6861 331
6861 1454
6861 1526
6861 5464
6861 8666
6861 6554
1232 839
1232 9007
1232 5105
1232 8670
1232 8089
1232 239
6356 3492
6356 8070
6356 2440
6356 331
6356 2367
4309 8939
4309 7023
4309 2475
4309 1980
4309 2367
4309 1872
4309 4439
4309 8670
4309 2027
4309 239
4309 4309
6871 3995
6871 9634
6871 7601
6871 3894
6871 1469
6871 839
6871 331
6871 1872
6871 5464
6871 8670
6871 2282
6871 8939
6871 1788
9946 2978
9946 8070
9946 839
9946 2440
9946 1454
9946 9007
3298 8097
3298 2978
3298 331
3298 9634
3298 1872
3298 5044
3298 1469
2282 9634
2282 4439
2282 7417
2282 8666
8939 2978
8939 7601
8939 6466
8939 839
8939 8170
8939 2027
8939 2029
8939 7023
8939 6004
8939 7543
8939 1788
239 8089
239 9634
239 1469
239 2367
239 6466
239 331
239 5105
239 6004
239 7543
7417 2440
7417 9007
7417 1526
7417 6004
7417 1788
1788 8089
1788 8097
1788 3492
1788 7601
1788 5044
1788 3894
1788 2367
1788 6466
1788 7948
1788 1872
1788 5464
1788 7023
1788 5105
1788 6004
7948 9634
7948 1526
7948 4439
7948 2367
9007 7112
9007 331
9007 1469
9007 5105
9007 2475
9007 3894
9007 7023
9007 8670
3894 1872
3894 6466
3894 5464
3894 6554
3894 2367
2367 8070
2367 8089
2367 2978
2367 5105
2367 2475
2367 6466
2367 1872
2367 8170
2367 1526
6466 6554
6466 3995
6466 2475
6466 839
6466 2029
839 2440
839 2475
839 7601
839 7112
839 331
839 4439
839 5464
839 8666
839 8170
839 6004
331 8089
331 3492
331 5105
331 2475
331 1454
331 5044
331 1980
331 4439
331 8170
331 1526
331 7543
1872 8070
1872 2475
4439 2440
4439 1454
4439 2475
4439 6554
5464 8097
5464 1454
5464 6004
5464 1980
5464 1469
5464 8670
7023 8097
7023 6554
6004 8097
6004 2978
6004 3492
6004 6004
6004 6554
7543 1454
7543 5105
7543 1526
7543 8089
8070 8070
8070 8097
8070 7601
8070 1469
8070 8670
8070 2027
2440 3492
2440 5044
2440 8670
8089 7601
8089 1980
6554 3995
6554 3492
6554 7601
6554 5044
6554 8670
6554 5105
3995 2475
3995 1454
3995 8666
3995 1980
8097 8666
9634 7601
9634 2029
9634 5044
9634 8666
3492 1454
3492 1980
3492 5105
3492 1526
2475 1980
1454 8170
1454 5105
7601 5044
7601 1980
7601 8666
5044 1980
5044 1469
5044 2029
5044 5105
1980 7112
1469 2027
1469 8170
1469 2029
1469 2978
1469 8666
1469 8670
7112 2978
7112 2027
2978 1526
8666 8670
8670 2029
8670 5105
8170 5105
2027 1526
1526 1526
986
9223 2497
9223 3940
9223 6534
9223 7145
9223 5836
9223 1901
9223 1006
9223 5007
9223 4208
9223 5912
9223 9417
9223 4024
9223 7065
9223 8314
9223 6063
9223 4314
9223 1214
9223 8895
2574 3650
2574 6984
2574 7145
2574 300
2574 1901
2574 8881
2574 2962
2574 2259
2574 2932
2574 4184
2574 7065
2574 4314
2574 8511
2574 7010
2574 1214
2574 9343
6063 2497
6063 7544
6063 3940
6063 7916
6063 9343
6063 300
6063 1901
6063 5231
6063 4208
6063 9656
6063 2962
6063 2259
6063 6575
6063 5270
6063 9943
6063 5912
6063 7065
6063 1327
6063 6623
5663 3520
5663 1510
5663 9735
5663 9612
5663 6575
5663 2932
5663 5270
5663 9656
5663 5722
5663 5887
5663 8511
9735 3465
9735 4688
9735 6052
9735 8166
9735 9862
9735 1224
9735 5836
9735 9132
9735 9612
9735 1006
9735 5196
9735 8881
9735 8050
9735 5173
9735 5270
9735 9943
9735 2725
9735 5722
9735 3005
9735 3199
5165 3520
5165 6052
5165 7916
5165 9417
5165 7467
5165 5196
5165 3693
5165 8686
5165 5007
5165 4184
5165 2259
5165 6830
5165 5270
5165 1993
5165 4024
5165 5722
5165 8314
5166 1510
5166 2534
5166 6984
5166 7916
5166 9612
5166 3693
5166 6736
5166 5270
5166 7544
5173 8896
5173 4379
5173 6052
5173 6022
5173 8881
5173 5836
5173 300
5173 1901
5173 8686
5173 1327
5173 4024
5173 211
5173 6489
5173 4184
5173 5007
5173 5722
5173 9563
4664 6022
4664 5007
4664 5270
4664 5912
4664 2850
4664 300
4664 6830
4664 9903
4664 5177
4664 1214
4664 8896
4664 2497
4664 5836
4664 8269
4664 9038
4664 9685
4664 4184
4664 4314
4664 8547
4664 3940
4664 2534
4664 7145
4664 1901
4664 887
4664 5887
5177 2401
5177 3650
5177 5007
5177 9862
5177 2534
5177 6776
5177 9132
5177 1901
5177 5327
5177 6736
5177 1327
5177 7544
5177 3199
5177 8511
5177 6623
3650 8896
3650 3520
3650 8547
3650 6830
3650 4208
3650 8881
3650 7986
3650 5722
3650 1214
3650 5887
5196 9087
5196 6052
5196 2534
5196 6022
5196 300
5196 1901
5196 1006
5196 6575
5196 4208
5196 6534
5196 8547
5196 9038
5196 6489
5196 4314
5196 5887
5196 8895
8269 2497
8269 9656
8269 6022
8269 9132
8269 8050
8269 9903
8269 4208
8269 5912
8269 2962
8269 9140
8269 5887
6736 2401
6736 6052
6736 1510
6736 6534
6736 2497
6736 1224
6736 7145
6736 7916
6736 1901
6736 1006
6736 5327
6736 6575
6736 211
6736 9685
6736 5722
6736 3199
6736 5887
4024 2497
4024 6052
4024 6534
4024 9862
4024 394
4024 9038
4024 3693
4024 4208
4024 4184
4024 8050
4024 9140
4024 5270
4024 5912
4024 7065
4024 9563
4024 5788
4024 3005
4024 8895
4184 3465
4184 9612
4184 5270
4184 5912
4184 9903
4184 2850
4184 2725
4184 1327
4184 1214
4184 8895
4184 8896
4184 4688
4184 9656
4184 211
4184 9685
4184 7516
4184 1132
4184 3693
4184 9087
4184 3199
5722 2534
5722 6534
5722 7145
5722 3693
5722 4688
5722 7986
5722 2932
5722 5270
5722 7065
5722 4314
5722 9343
5722 7516
5722 3005
5722 2962
5722 8511
1132 2725
1132 2534
1132 6984
1132 1901
1132 1327
1132 4688
1132 5427
1132 2932
1132 5007
1132 6623
3693 1152
3693 3465
3693 5788
3693 2850
3693 2725
3693 6575
3693 9140
3693 1214
3693 8896
3693 5327
3693 9685
3693 6489
3693 9563
3693 6623
3693 3693
3693 9343
3693 3199
5231 8894
5231 2534
5231 6022
5231 1901
5231 6830
5231 4208
5231 8881
5231 8050
5231 5427
5231 2932
5231 8686
5231 5270
5231 2725
5231 9087
5231 5788
5231 8895
5231 1214
5231 5887
4208 394
4208 9612
4208 5270
4208 9903
4208 2850
4208 8881
4208 3005
4208 2367
4208 3520
4208 6776
4208 9685
4208 2534
4208 7916
4208 1901
4208 7544
4208 8314
8894 5253
8894 8547
8894 6052
8894 2725
8894 9903
8894 6984
8894 3465
8894 7916
8894 8686
8894 1327
8894 2962
8894 211
8894 300
8894 8314
8894 5788
8894 4314
8894 8895
6776 7010
6776 2725
6776 2534
6776 394
6776 5327
6776 9038
6776 7986
6776 9685
6776 5270
6776 7065
6776 5912
6776 8686
6776 6575
6776 5788
8314 6534
8314 4379
8314 2850
8314 1327
8314 7986
8314 9140
8314 3005
8314 8896
8314 1224
8314 1993
8314 9038
8314 5327
8314 4688
8314 211
8314 6489
8314 9563
8314 3940
8314 2534
8314 7145
8314 8686
8314 8050
8314 7544
8314 5887
9343 5270
9343 5912
9343 7065
9343 1327
9343 4314
9343 7467
9343 6575
9343 7986
9343 3005
9343 1214
9343 8896
9343 3199
9343 5836
9343 4688
9343 8547
9343 8166
9343 2534
9343 1901
9343 1006
9343 9343
9343 9087
1152 2401
1152 8547
1152 6052
1152 5253
1152 9862
1152 300
1152 1901
1152 2725
1152 2962
1152 2932
1152 5270
1152 1214
1152 3199
5253 7010
5253 5253
5253 1993
5253 9943
5253 9612
5253 1901
5253 8686
5253 5427
5253 5270
5253 9417
5253 4314
5253 9087
5253 8895
5253 5887
9862 4379
9862 1224
9862 3465
9862 7467
9862 1901
9862 9903
9862 8511
9862 2962
9862 211
9862 9943
9862 6489
9862 5887
9862 1214
9862 2367
5270 6534
5270 5007
5270 8686
5270 2850
5270 6052
5270 2725
5270 7986
5270 5427
5270 1214
5270 2367
5270 1993
5270 5327
5270 4688
5270 211
5270 9685
5270 2534
5270 1510
5270 7145
5270 7916
5270 1006
5270 2932
5270 5887
5270 3199
5788 6022
5788 9132
5788 394
5788 5007
5788 7065
5788 4379
5788 2850
5788 6534
5788 300
5788 6830
5788 6575
5788 8881
5788 7986
5788 9140
5788 1993
5788 9656
5788 2367
5788 2497
5788 6984
5788 9417
5788 5836
5788 5326
5788 4688
5788 2259
5788 6489
5788 9563
5788 7516
5788 2725
5788 7010
5788 2534
5788 7145
5788 7916
5788 8686
5788 8050
5788 8511
5788 5887
2725 3520
2725 2497
2725 8547
2725 9038
2725 7916
2725 9417
2725 7544
2725 1006
2725 8050
2725 5427
2725 8896
6830 1510
6830 6984
6830 5836
6830 7916
6830 9563
9903 9563
9903 2534
9903 6984
9903 394
9903 1901
9903 6575
9903 9140
9903 6489
9903 5327
9903 3005
9903 1214
9903 3199
8881 2850
8881 8547
8881 300
8881 9132
8881 7986
8881 1006
8881 2962
8881 2932
8881 9943
8881 7010
8881 3005
8881 1214
8881 9087
1214 9612
1214 7065
1214 1327
1214 2850
1214 6022
1214 5427
1214 3005
1214 2367
1214 6984
1214 9417
1214 5836
1214 5326
1214 9685
1214 9563
1214 7516
1214 6623
1214 2401
1214 8686
1214 9087
8895 7916
8895 9656
8895 300
8895 6984
8895 9612
8895 1901
8895 8686
8895 5327
8895 4688
8895 211
8895 9140
8895 9943
8895 1327
8895 9087
8896 2401
8896 7010
8896 8547
8896 6022
8896 3199
8896 6575
8896 5912
8896 7065
8896 9087
8896 5887
1224 300
1224 3199
1224 5836
1224 1901
1224 5326
1224 1993
1224 2932
1224 1006
1224 9417
1224 8511
1224 7516
1224 5887
9417 3465
9417 5007
9417 2962
9417 2850
9417 300
9417 5427
9417 9038
9417 9943
9417 4314
9417 7516
9417 6623
9417 2401
9417 7145
9417 7916
9417 1901
9417 3199
5836 7010
5836 8166
5836 1006
5836 9612
5836 2962
5836 2932
5836 9685
5836 9943
5836 9563
5836 3199
5326 2497
5326 8547
5326 3465
5326 7467
5326 8686
5326 5007
5326 211
5326 9943
5326 7544
5326 4314
5326 4379
5326 5887
5327 1510
5327 394
5327 9132
5327 211
5327 9943
5327 7544
5327 6623
211 6534
211 4379
211 7467
211 300
211 6984
211 1993
211 9038
211 4688
211 4314
211 2534
211 1901
211 7544
9943 2850
9943 8547
9943 3199
9943 9132
9943 1901
9943 1327
9943 4688
9943 9038
9943 5912
9943 6489
9943 9685
4314 2497
4314 4379
4314 3940
4314 1993
4314 3199
4314 9612
4314 7544
4314 5887
7916 6534
7916 2962
7916 300
7916 9038
7916 4688
7916 9563
7916 3940
7916 7145
7916 7916
7916 1901
7916 5887
2259 3520
2259 6534
2259 8686
2259 6984
2259 9612
2259 300
2259 7986
2259 1006
2259 5007
2259 8511
2259 2962
2259 2932
2259 7516
2259 7065
2259 8166
2259 9685
3199 9612
3199 2962
3199 1327
3199 6052
3199 7986
3199 3005
3199 3520
3199 4688
3199 6623
3199 2534
3199 1901
3199 1006
5887 3520
5887 6534
5887 3465
5887 9612
5887 2962
5887 5912
5887 1327
5887 9140
5887 3005
5887 8511
5887 9038
5887 9563
5887 4688
5887 2401
5887 3940
5887 8166
5887 8050
5887 887
5887 7544
5887 9087
5912 3520
5912 2850
5912 7145
5912 7544
5912 8050
4379 3520
4379 9563
4379 3940
4379 6022
4379 1510
4379 1901
4379 7065
4379 4379
4379 6623
2850 7516
2850 9656
2850 1993
2850 7467
2850 1327
2850 2932
2850 6623
6022 8547
6022 1510
6022 2534
6022 9132
6022 1006
6022 2962
6022 3465
6022 7065
6022 6575
6022 9087
7467 1510
7467 7145
7467 1901
7467 5007
7467 7065
7467 8511
7467 8050
7467 9140
7467 887
7467 6489
7467 9563
7467 6623
300 6534
300 9685
300 7145
300 9087
300 3005
300 2367
1327 9087
1327 6534
1327 7065
1327 6575
1327 2367
1327 3520
1327 9685
1327 7010
1327 2534
1327 1006
7986 7516
7986 394
7986 4688
7986 9140
7986 7544
7986 2367
7986 8511
5427 8686
5427 7544
2367 2401
2367 1510
2367 2497
2367 7145
2367 394
2367 9656
2367 7516
2367 9087
6984 9087
6984 2534
6984 1006
6984 9612
6984 4688
6984 7544
6984 9563
9038 6052
9038 6534
9038 9132
9038 1006
9038 6575
9038 2932
9038 7065
9038 9140
9038 3005
6489 2401
6489 8166
6489 2534
6489 9140
6489 7544
6489 5007
6489 8511
9563 9612
9563 7065
9563 6575
9563 9132
9563 9140
9563 9656
9563 2497
9563 4688
9563 7010
9563 2534
7516 1901
7516 4688
7516 9140
7516 9685
7516 9656
7516 7065
7516 8511
2401 7010
2401 3940
2401 9612
2401 8050
2401 2932
2401 4688
2401 7065
7010 3940
7010 8166
7010 1901
7010 9656
7010 2932
7010 9087
8547 3465
8547 9612
8547 1901
8547 6575
8547 887
8547 8166
3940 1510
3940 7145
3940 1901
3940 9140
3940 3465
2534 5007
2534 2962
2534 6052
2534 2497
2534 2932
1901 9087
1901 3465
1901 394
1901 8686
1901 6534
1901 9132
1901 6575
1901 9140
1901 9656
1901 4688
1901 6623
1901 1006
8050 9612
8050 9132
8050 8686
8050 4688
8050 1006
8050 6623
2932 394
2932 7065
2932 8686
2932 9087
887 2497
887 9132
887 9612
887 1006
887 8511
7544 9612
7544 7544
7544 8686
7544 9087
8511 6534
8511 1510
8511 1006
8511 9087
9087 6052
9087 9140
9087 3005
9087 9685
6534 3465
6534 5007
6534 9140
6534 9685
6534 4688
6534 1510
6534 8686
3465 1510
3465 9612
3465 4688
3465 9656
3465 8166
3465 3005
394 2497
394 7145
394 9612
394 8686
394 1993
9612 9612
9612 6052
9612 6575
9612 3520
9612 9685
9612 7145
5007 9656
5007 7145
5007 5007
5007 6623
2962 2962
2962 1006
2962 9656
2962 7065
1006 6575
7065 9132
7065 9140
7065 3005
7065 2497
7065 6575
6052 8166
6052 7145
6052 6623
6052 4688
9132 8686
9132 6575
9132 6623
6575 3520
9140 4688
9140 1993
9656 2497
9656 8166
9656 8686
9656 7145
3005 3520
3005 1510
3005 9685
3005 6623
3520 2497
3520 9685
2497 4688
7145 8686
8166 8166
1002
8198 9612
8198 5261
8198 1300
8198 3993
8198 8092
8198 6813
8198 2592
8198 818
8198 9147
8198 7101
8198 6733
8198 5584
8198 6356
8198 726
8198 9179
8198 6650
8198 8288
8198 870
8198 1774
8198 1906
8198 2676
8198 9594
1032 1187
1032 1300
1032 9489
1032 6505
1032 9612
1032 6733
1032 9585
1032 3220
1032 8822
1032 4105
1032 7929
1032 6650
1032 1919
4617 6195
4617 870
4617 838
4617 9585
4617 969
4617 5584
4617 103
4617 4499
4617 8529
4617 9422
4617 7505
4617 6194
4617 1043
4617 2676
4617 4021
4617 5593
4617 3993
4617 9594
4617 7101
4617 1919
4113 3244
4113 7916
4113 1256
4113 7657
4113 6922
4113 9612
4113 5261
4113 1774
4113 5840
4113 7505
4113 3570
4113 4499
4113 2137
4113 9560
4113 7929
4113 9147
4113 9929
4113 7101
4113 3007
1043 1600
1043 6978
1043 1187
1043 5957
1043 3238
1043 7916
1043 6733
1043 818
1043 6195
1043 4021
1043 969
1043 3993
1043 9690
1043 9906
1043 1906
2592 8288
2592 838
2592 9929
2592 3570
2592 1262
2592 5584
2592 9489
2592 818
2592 7929
2592 3993
2592 9690
2592 9179
2592 8092
548 5584
548 1676
548 4292
548 3238
548 838
548 1256
548 969
548 7916
548 9326
548 1262
548 5840
548 5944
548 9906
548 4021
548 2743
548 9560
548 3993
548 6650
548 9179
548 8092
548 6813
6194 1676
6194 870
6194 5990
6194 6929
6194 4105
6194 7916
6194 5261
6194 2127
6194 9585
6194 9906
6194 4532
6194 3993
6194 6840
6194 2676
6194 6650
6194 7101
6194 9489
6195 7043
6195 4292
6195 6922
6195 6220
6195 5261
6195 9326
6195 5584
6195 6929
6195 3570
6195 8330
6195 4105
6195 3993
6195 955
6195 7101
4105 7043
4105 6922
4105 5261
4105 9179
4105 7314
4105 3993
4105 1187
4105 818
4105 2743
4105 7101
4105 1600
4105 5957
4105 838
4105 3911
4105 4046
4105 6991
4105 5584
4105 7505
4105 9422
4105 5593
4105 2127
4105 5990
4105 870
4105 7657
4105 8565
4105 8310
4105 6650
9272 5957
9272 9862
9272 1676
9272 7916
9272 1906
9272 2127
9272 5840
9272 6929
9272 9906
9272 1652
9272 870
9272 8310
9272 9594
1600 1600
1600 6650
1600 9862
1600 103
1600 6505
1600 9929
1600 1676
1600 9585
1600 1906
1600 3220
1600 7657
1600 5944
1600 7929
1600 9594
1600 9179
1600 8330
1600 7518
1600 1919
6220 8288
6220 5584
6220 4046
6220 3244
6220 9560
6220 7929
6220 9612
6220 9326
6220 3993
6220 8529
6220 7314
6220 4532
6220 8565
6220 2137
6220 5944
6220 2713
6220 9690
6220 1919
6220 2676
6220 3007
6733 7043
6733 3911
6733 8330
6733 9612
6733 6733
6733 9422
6733 7505
6733 3570
6733 4046
6733 7929
6733 4021
6733 8859
6733 5500
6733 7101
6733 7518
6733 3007
2127 6978
2127 8310
2127 5957
2127 5990
2127 1676
2127 818
2127 1774
2127 5840
2127 7657
2127 1906
2127 2676
2127 726
2127 9929
2127 2137
2127 9690
2127 9179
2127 5500
2127 7101
2137 9862
2137 6922
2137 4499
2137 3993
2137 2713
2137 3570
2137 955
2137 3007
2137 6978
2137 4292
2137 3911
2137 5584
2137 8529
2137 9179
2137 7518
2137 8288
2137 6929
2137 7657
2137 1906
2137 2676
8288 7043
8288 9862
8288 8330
8288 9612
8288 5261
8288 4499
8288 1774
8288 4532
8288 969
8288 6840
8288 6978
8288 5957
8288 838
8288 9929
8288 5840
8288 5944
8288 9690
8288 7518
8288 6505
8288 9326
8288 8310
8288 7657
955 1676
955 5990
955 870
955 7916
955 3244
955 5261
955 1774
955 6287
955 9906
955 1300
955 8310
955 6505
955 9179
955 7518
870 5261
870 1300
870 1262
870 3993
870 8092
870 9862
870 9906
870 7101
870 5840
870 8529
870 9179
870 7518
870 870
870 6840
870 9326
870 3220
6929 4292
6929 9489
6929 9585
6929 969
6929 2282
6929 1676
6929 9326
6929 6991
6929 2676
6929 7314
6929 3244
6929 1300
6929 7929
6929 5593
6929 9612
6929 5500
6929 7101
4202 5840
4202 4292
4202 9489
4202 3244
4202 7916
4202 7314
4202 1262
4202 5261
4202 5584
4202 7505
4202 9906
4202 1300
4202 8822
4202 5593
4202 3007
103 7043
103 6356
103 9862
103 8565
103 6991
103 7314
103 1652
103 4021
103 5944
103 2713
103 9690
103 9179
103 6650
103 3007
9326 6922
9326 7571
9326 3220
9326 8859
9326 4021
9326 5944
9326 4292
9326 3911
9326 9422
9326 8529
9326 726
9326 2282
9326 7916
9326 9585
9326 3570
9326 2676
9326 8565
9326 9594
9326 5500
2676 7043
2676 5990
2676 5584
2676 818
2676 7571
2676 1652
2676 4021
2676 5593
2676 3993
2676 5957
2676 7101
2676 7518
2676 1919
8310 7043
8310 9612
8310 1262
8310 6991
8310 5584
8310 6287
8310 7314
8310 4046
8310 726
8310 5593
8310 9179
9862 9179
9862 3238
9862 969
9862 2743
9862 7916
9862 9422
9862 7314
9862 726
9862 7929
9862 8859
9862 7101
8330 6922
8330 1676
8330 3993
8330 1187
8330 1906
8330 4532
8330 7101
8330 4292
8330 9929
8330 5584
8330 9560
8330 9179
8330 7518
8330 5990
8330 486
8330 2282
8330 1774
8330 3570
8330 1652
8330 8822
8330 7929
1676 6978
1676 7505
1676 486
1676 8529
1676 9612
1676 5261
1676 4046
1676 5944
1676 1300
1676 8822
1676 1652
1676 3220
1676 6813
5261 2212
5261 9594
5261 9612
5261 9489
5261 1300
5261 5593
5261 6650
5261 9179
5261 9690
6287 7043
6287 486
6287 5990
6287 7314
6287 5840
6287 818
6287 8565
6287 9690
6287 9594
6287 8092
6287 7101
7314 9612
7314 3220
7314 8859
7314 6813
7314 4532
7314 4292
7314 838
7314 4046
7314 8529
7314 7929
7314 9560
7314 9179
7314 7518
7314 1256
7314 7657
7314 1300
7314 5500
3220 486
3220 9585
3220 9612
3220 1774
3220 5584
3220 9489
3220 4532
3220 8565
3220 726
3220 9929
3220 9560
3220 1652
3220 9594
3220 1919
3220 4021
2713 2743
2713 3911
2713 9612
2713 4532
2713 1774
2713 6813
2713 9585
2713 1906
2713 6356
2713 9906
2713 8859
2713 5500
2713 7101
8859 2212
8859 3007
8859 818
8859 9929
8859 3244
8859 9422
8859 8529
8859 969
8859 9594
8859 9179
8859 5500
8859 7101
8859 7518
8859 1919
6813 969
6813 6922
6813 2743
6813 1774
6813 6991
6813 4021
6813 5593
6813 9179
6813 2282
6813 6505
1187 7571
1187 9612
1187 9422
1187 6991
1187 7505
1187 9906
1187 6505
1187 6840
1187 9594
1187 8092
2212 4292
2212 5957
2212 3238
2212 7916
2212 1774
2212 726
2212 9585
2212 4021
2212 8822
2212 6840
2212 3993
2212 5500
3238 6978
3238 5957
3238 4499
3238 9422
3238 5840
3238 8529
3238 9906
3238 6356
3238 5944
3238 7929
3238 9594
3238 9179
3238 1919
3244 9612
3244 9422
3244 5584
3244 9585
3244 1906
3244 8822
9906 818
9906 4532
9906 6840
9906 7101
9906 6978
9906 9690
9906 9179
9906 7657
9906 1262
9906 1652
9906 6505
9906 5500
2743 7043
2743 5957
2743 5521
2743 7916
2743 486
2743 5840
2743 9489
2743 1652
2743 726
2743 4292
2743 9179
6840 4499
6840 9929
6840 2282
6840 7916
6840 4046
6840 7571
6840 6356
6840 4292
6840 9147
6840 7043
6840 7101
6840 7518
6840 1300
1652 9147
1652 5957
1652 1256
1652 7657
1652 9929
1652 7916
1652 1262
1652 5584
1652 4499
1652 4021
1652 969
1652 6922
1652 8565
4292 7043
4292 9612
4292 5944
4292 7505
4292 8529
4292 7657
4292 2282
4292 1774
4292 9585
4292 5500
4292 1919
8822 7916
8822 4499
8822 4532
8822 4021
8822 6650
8822 9179
9929 6922
9929 5840
9929 7505
9929 6356
9929 9560
9929 486
9929 2282
9929 7916
9929 1262
9929 7101
9929 9585
9929 3570
9422 9147
9422 9612
9422 5584
9422 969
9422 5593
9422 8092
9422 1919
5840 3993
5840 8092
5840 4021
5840 3911
5840 6991
5840 486
5840 7657
5840 7916
5840 6505
5840 7929
5840 6650
5840 1919
6356 6978
6356 969
6356 9612
6356 1262
6356 9585
6356 818
6356 7571
6356 1300
726 6991
726 9147
726 838
726 4046
726 7657
726 9585
726 1774
726 726
726 5593
726 9594
726 9179
1256 6978
1256 9147
1256 1300
1256 7916
1256 9612
1256 4046
1256 8529
1256 5584
1256 9585
1256 1906
1256 7505
1256 6505
1256 9560
1256 7929
1256 6650
1256 9179
1256 7518
2282 7043
2282 838
2282 7657
2282 9489
2282 1300
2282 7101
2282 1919
7916 7043
7916 9612
7916 7571
7916 1262
7916 4532
7916 6978
7916 838
7916 969
7916 4046
7916 5584
7916 5593
7916 9690
7916 6650
7916 7518
7916 9147
7916 5990
7916 486
7916 7657
7916 7929
7916 9594
7916 5500
7916 1919
1262 7043
1262 6922
1262 9612
1262 8092
1262 969
1262 8529
1262 9179
1262 7505
1262 6505
1262 1774
1262 7657
1262 7929
7929 4499
7929 3993
7929 8092
7929 7101
7929 3911
7929 7505
7929 5593
7929 5500
6922 9612
6922 5521
6922 7571
6922 4021
6922 969
6922 6991
6922 5593
6922 9179
6922 7657
6922 1774
6922 1906
6922 5500
9489 486
9489 9585
9489 6505
9489 3911
9489 5584
9489 7505
9489 9690
9489 9594
9489 7101
9489 3570
9489 3007
1300 7101
1300 9612
1300 5944
1300 8529
1300 486
1300 6505
1300 7657
1300 9594
1300 5500
818 5990
818 3911
818 4046
818 5521
818 9585
818 838
818 9179
818 5500
818 7101
818 3007
5944 9612
5944 3570
5944 7571
5944 9560
5944 4532
6978 6978
6978 9585
6978 4046
6978 7505
6978 1906
6978 4499
6978 4532
6978 6505
6978 6991
6978 8092
6978 7518
5957 5957
5957 1906
5957 4021
5957 7657
5957 3993
5957 838
5957 9179
5957 8092
5957 7101
838 7043
838 9612
838 5521
838 4499
838 4021
838 9147
838 9690
838 486
838 7657
838 9585
838 3570
838 7571
838 1919
3911 7505
3911 3911
3911 9612
3911 1774
3911 5584
3911 8529
3911 4046
3911 9147
3911 8565
3911 3570
3911 3007
6991 9585
6991 5521
6991 7571
6991 8565
6991 5593
6991 7043
6991 7101
8529 9147
8529 7101
8529 3007
8529 4046
8529 9179
8529 7518
8529 486
8529 9594
8529 1919
9560 5990
9560 9612
9560 4499
9560 5593
9560 9690
9560 9147
9560 8092
7518 9585
7518 969
7518 4021
7518 5593
7518 9594
7518 7101
5990 9179
5990 5990
5990 486
5990 9585
5990 4532
5990 1906
6505 486
6505 7657
6505 9612
6505 8565
6505 969
6505 1919
9585 4499
9585 4532
9585 9147
9585 9179
9585 5500
1906 1919
1906 7505
1906 4021
1906 9179
1906 7101
4499 9612
4499 7571
4499 5593
4499 9147
4499 1919
8565 9612
8565 1774
8565 7571
8565 7101
9594 486
9594 5593
9594 1919
5500 5521
5500 1774
5500 6650
5500 9690
1919 7043
1919 4021
1919 7101
1919 1774
7043 7571
7043 4021
7043 5593
7043 9179
7043 7657
7043 6650
9612 5521
9612 8092
9612 9147
9612 3007
9612 5584
9612 7505
9612 9690
9612 9179
9612 6650
5521 5593
7571 969
7571 5593
7571 9690
7571 3007
1774 9147
1774 6650
1774 9179
3993 9147
3993 7101
3993 5584
3993 486
3993 3570
8092 5584
8092 7505
8092 3570
8092 4532
8092 6650
4532 9690
4021 4046
4021 5584
4021 9179
4021 486
9147 9147
9147 3570
9147 9690
9147 9179
7101 4046
7101 5584
3007 5584
969 7505
4046 7657
4046 5593
4046 9690
5584 9179
5584 3570
5584 6650
5593 6650
9690 9690
9179 3570
9179 6650
