3
989
0 34
0 38
0 70
0 49
0 8
0 71
0 66
0 79
0 17
0 83
0 21
0 22
0 40
0 56
0 25
0 26
0 47
0 95
1 64
1 34
1 6
1 17
1 41
1 42
1 71
1 2
1 15
1 49
1 51
1 53
1 54
1 88
1 26
1 47
2 10
2 11
2 13
2 17
2 22
2 23
2 24
2 27
2 29
2 32
2 33
2 36
2 51
2 53
2 60
2 63
2 70
2 79
2 80
2 85
2 92
2 95
2 98
3 32
3 33
3 6
3 97
3 64
3 74
3 75
3 15
3 17
3 50
3 51
3 53
3 26
3 91
3 10
3 85
4 64
4 34
4 35
4 69
4 81
4 49
4 44
4 83
4 12
4 45
4 78
4 13
4 17
4 51
4 43
4 23
4 29
4 62
5 64
5 65
5 66
5 67
5 69
5 6
5 7
5 76
5 10
5 71
5 44
5 96
5 81
5 51
5 85
5 57
5 90
5 91
5 28
5 94
6 33
6 35
6 37
6 40
6 73
6 76
6 45
6 15
6 18
6 85
6 55
6 56
6 57
6 90
6 13
6 21
6 58
7 11
7 20
7 25
7 27
7 32
7 33
7 36
7 37
7 46
7 50
7 59
7 62
7 63
7 66
7 69
7 71
7 76
7 83
7 86
7 97
7 99
8 13
8 15
8 16
8 17
8 18
8 21
8 25
8 30
8 41
8 43
8 53
8 54
8 58
8 64
8 72
8 73
8 75
8 79
8 80
8 84
8 91
8 93
8 98
9 98
9 99
9 38
9 81
9 92
9 42
9 11
9 34
9 15
9 49
9 18
9 83
9 73
9 63
9 60
9 94
9 95
10 64
10 65
10 37
10 48
10 62
10 14
10 16
10 17
10 46
10 85
10 71
10 53
10 69
11 83
11 68
11 98
11 74
11 29
11 77
11 14
11 13
11 51
11 20
11 85
11 25
11 24
11 52
11 90
11 93
12 66
12 99
12 22
12 81
12 40
12 77
12 16
12 49
12 82
12 54
12 89
12 57
12 90
12 27
12 60
12 94
13 96
13 35
13 69
13 81
13 45
13 17
13 75
13 84
13 59
13 23
13 20
13 58
13 91
13 62
14 96
14 35
14 50
14 78
14 93
14 48
14 49
14 18
14 51
14 30
14 56
14 90
14 61
14 94
15 64
15 98
15 59
15 38
15 74
15 43
15 61
15 79
15 81
15 99
15 57
15 27
15 93
16 32
16 33
16 37
16 65
16 80
16 73
16 77
16 47
16 18
16 51
16 52
16 53
16 55
16 27
17 18
17 22
17 28
17 30
17 31
17 36
17 37
17 38
17 40
17 42
17 44
17 46
17 51
17 52
17 57
17 60
17 62
17 64
17 67
17 70
17 82
17 83
17 85
17 88
17 92
17 94
17 99
18 98
18 99
18 71
18 74
18 39
18 49
18 51
18 21
18 27
18 62
18 63
19 34
19 99
19 39
19 42
19 44
19 47
19 49
19 85
19 56
19 57
19 58
19 27
19 61
20 42
20 44
20 77
20 80
20 49
20 84
20 53
20 86
20 88
20 89
20 90
20 61
20 85
21 32
21 66
21 99
21 98
21 39
21 40
21 28
21 76
21 34
21 85
21 54
21 87
21 89
21 27
21 60
21 30
22 33
22 97
22 75
22 45
22 51
22 84
22 53
22 87
22 58
22 91
22 60
22 94
22 63
23 98
23 69
23 29
23 47
23 81
23 54
23 57
23 90
23 79
23 92
23 58
24 68
24 70
24 39
24 72
24 73
24 60
24 98
24 78
24 48
24 49
24 83
24 86
24 41
24 88
24 25
24 92
24 93
25 45
25 50
25 79
25 80
25 49
25 82
25 89
26 69
26 97
26 64
26 80
26 49
26 27
26 29
26 95
27 28
27 30
27 31
27 33
27 37
27 39
27 41
27 43
27 48
27 50
27 54
27 56
27 58
27 59
27 61
27 63
27 65
27 66
27 68
27 69
27 72
27 76
27 79
27 80
27 86
27 91
27 92
27 94
27 97
28 32
28 69
28 49
28 72
28 41
28 43
28 44
28 61
28 76
28 51
28 52
28 86
28 84
28 90
28 92
28 58
28 39
29 32
29 35
29 69
29 70
29 39
29 74
29 75
29 78
29 50
29 51
29 89
29 57
29 90
29 95
30 66
30 81
30 74
30 39
30 44
30 77
30 45
30 50
30 52
30 57
30 56
30 84
30 90
30 92
31 33
31 37
31 40
31 42
31 47
31 51
31 52
31 58
31 61
31 67
31 69
31 73
31 75
31 78
31 79
31 80
31 81
31 85
31 91
31 93
32 64
32 57
32 90
32 62
33 35
33 40
33 44
33 45
33 46
33 48
33 53
33 57
33 64
33 70
33 75
33 80
33 90
33 92
34 99
34 70
34 51
34 78
34 47
34 49
34 82
34 87
34 89
34 59
34 60
34 61
34 53
35 98
35 50
35 38
35 72
35 41
35 45
35 80
35 82
35 99
35 88
35 90
35 95
36 80
36 37
36 42
36 78
36 48
36 83
36 87
36 88
36 92
37 42
37 43
37 51
37 58
37 59
37 63
37 65
37 66
37 79
37 82
37 83
37 84
37 87
37 89
37 90
37 95
37 98
38 65
38 74
38 75
38 77
38 78
38 49
38 99
38 62
38 73
38 41
38 57
38 91
38 60
38 61
38 94
39 65
39 97
39 71
39 46
39 79
39 88
39 52
39 86
39 58
39 53
40 97
40 73
40 83
40 41
40 90
40 59
40 93
41 75
41 76
41 79
41 49
41 82
41 67
41 56
41 93
41 63
42 49
42 55
42 56
42 57
42 60
42 68
42 72
42 73
42 78
42 79
42 86
42 87
42 88
42 98
42 99
43 66
43 59
43 68
43 71
43 74
43 78
43 80
43 83
43 84
43 56
43 90
43 95
44 64
44 65
44 99
44 96
44 75
44 77
44 94
44 54
44 90
44 95
44 58
44 63
45 65
45 81
45 74
45 71
45 76
45 78
45 48
45 49
45 52
45 62
45 95
45 63
46 96
46 49
46 70
46 92
46 76
46 47
46 54
46 89
46 79
46 60
46 93
46 95
47 73
47 55
47 80
47 84
47 53
47 52
47 90
47 60
47 93
47 62
48 50
48 54
48 56
48 60
48 61
48 65
48 68
48 69
48 70
48 76
48 78
48 81
48 92
48 95
49 50
49 51
49 55
49 59
49 60
49 63
49 73
49 74
49 80
49 84
49 89
49 91
49 93
49 95
49 96
49 97
50 96
50 97
50 81
50 93
50 62
50 59
50 85
51 54
51 57
51 62
51 80
51 82
51 88
51 92
51 93
52 68
52 71
52 74
52 75
52 77
52 80
52 83
52 58
52 93
53 54
53 55
53 58
53 60
53 66
53 74
53 82
53 87
53 88
53 90
53 92
54 69
54 70
54 74
54 80
54 76
54 82
54 91
55 80
55 66
55 99
55 65
55 73
55 76
55 79
55 78
55 57
55 91
55 93
56 83
56 68
56 71
56 72
56 76
56 85
56 73
56 89
57 65
57 72
57 61
57 63
58 59
58 62
58 64
58 69
58 70
58 73
58 74
58 75
58 82
58 84
58 87
58 95
58 96
58 97
59 66
59 68
59 70
59 78
59 80
59 88
59 89
59 60
59 61
59 94
60 96
60 64
60 94
60 85
60 63
61 63
61 64
61 66
61 68
61 69
61 73
61 75
61 77
61 78
61 79
61 81
61 94
61 95
61 96
62 65
62 69
62 70
62 75
62 76
62 78
62 82
62 83
62 84
62 87
62 94
62 95
63 81
63 73
63 77
63 94
63 69
64 66
64 72
64 75
64 81
64 83
64 90
64 92
65 80
65 89
66 75
66 82
66 79
66 69
66 88
66 84
66 94
67 99
67 68
67 71
67 78
67 88
68 81
68 74
68 82
68 78
68 75
68 86
69 78
69 83
69 86
69 93
70 99
70 77
70 74
70 79
70 84
70 85
70 88
70 95
71 73
71 75
71 78
71 79
71 80
71 82
71 89
71 90
71 91
71 97
72 97
72 98
72 76
72 77
72 78
72 82
72 90
72 93
73 91
73 77
73 79
73 85
74 81
74 90
74 91
74 92
74 93
74 97
74 99
75 76
75 78
75 82
75 90
75 93
75 95
76 96
76 97
76 79
76 86
77 93
77 80
77 86
77 88
77 90
77 95
78 80
78 88
78 90
78 99
79 82
79 90
80 81
80 87
80 90
81 84
81 85
81 90
81 91
82 84
82 88
82 96
82 98
83 96
83 94
83 86
83 89
84 93
85 92
85 87
85 90
85 95
86 88
86 90
87 96
87 97
87 99
87 90
88 96
89 91
89 98
89 92
89 93
89 94
90 92
90 94
90 95
90 96
90 98
91 92
91 94
92 94
92 96
94 98
1976
0 1
0 3
0 5
0 8
0 9
0 10
0 12
0 18
0 26
0 31
0 33
0 37
0 40
0 41
0 42
0 46
0 49
0 55
0 56
0 57
0 59
0 61
0 62
0 64
0 69
0 70
0 72
0 73
0 74
0 76
0 78
0 80
0 82
0 83
0 84
0 86
0 88
0 92
0 93
0 96
0 97
1 2
1 9
1 15
1 17
1 19
1 21
1 24
1 27
1 28
1 29
1 31
1 33
1 35
1 37
1 38
1 39
1 42
1 48
1 52
1 55
1 57
1 58
1 59
1 60
1 62
1 64
1 68
1 74
1 77
1 78
1 79
1 83
1 85
1 87
1 88
1 89
1 91
1 94
1 96
1 98
1 99
2 3
2 5
2 8
2 10
2 12
2 13
2 17
2 18
2 20
2 22
2 24
2 25
2 30
2 33
2 35
2 37
2 45
2 46
2 48
2 50
2 52
2 53
2 54
2 55
2 56
2 60
2 61
2 62
2 65
2 69
2 78
2 79
2 80
2 81
2 82
2 83
2 84
2 89
2 90
2 97
3 4
3 7
3 13
3 14
3 16
3 17
3 19
3 20
3 21
3 25
3 26
3 32
3 33
3 35
3 37
3 40
3 42
3 45
3 50
3 51
3 53
3 57
3 62
3 65
3 66
3 70
3 71
3 72
3 74
3 76
3 79
3 88
3 89
3 90
3 92
3 96
3 99
4 6
4 7
4 8
4 9
4 11
4 12
4 13
4 15
4 17
4 23
4 24
4 26
4 35
4 36
4 38
4 39
4 44
4 50
4 51
4 53
4 54
4 58
4 59
4 60
4 61
4 63
4 64
4 66
4 71
4 76
4 78
4 81
4 82
4 85
4 86
4 90
4 95
5 6
5 7
5 8
5 15
5 21
5 22
5 24
5 35
5 37
5 40
5 44
5 49
5 51
5 53
5 62
5 64
5 69
5 70
5 72
5 76
5 77
5 79
5 80
5 81
5 84
5 85
5 86
5 92
5 94
5 95
5 98
6 8
6 10
6 12
6 17
6 19
6 20
6 22
6 28
6 30
6 32
6 36
6 37
6 39
6 43
6 44
6 45
6 48
6 51
6 58
6 63
6 65
6 67
6 70
6 73
6 76
6 78
6 80
6 82
6 84
6 87
6 90
6 91
6 97
7 8
7 9
7 11
7 12
7 13
7 15
7 17
7 18
7 19
7 20
7 21
7 22
7 23
7 25
7 28
7 29
7 30
7 31
7 34
7 36
7 39
7 40
7 41
7 43
7 45
7 46
7 47
7 48
7 50
7 51
7 52
7 53
7 54
7 59
7 60
7 62
7 63
7 68
7 71
7 73
7 74
7 75
7 76
7 77
7 84
7 85
7 89
7 91
7 92
7 93
7 97
7 99
8 15
8 21
8 26
8 28
8 29
8 30
8 37
8 41
8 42
8 43
8 44
8 47
8 50
8 53
8 54
8 55
8 56
8 58
8 59
8 62
8 65
8 68
8 72
8 74
8 76
8 77
8 84
8 85
8 88
8 89
8 91
8 93
8 94
8 98
9 10
9 11
9 19
9 20
9 23
9 29
9 31
9 34
9 38
9 40
9 41
9 42
9 43
9 44
9 45
9 49
9 52
9 56
9 57
9 58
9 62
9 66
9 69
9 74
9 76
9 81
9 82
9 85
9 88
9 90
9 93
9 97
10 12
10 14
10 19
10 21
10 27
10 30
10 31
10 34
10 35
10 37
10 38
10 39
10 46
10 51
10 56
10 58
10 63
10 64
10 65
10 69
10 71
10 76
10 77
10 82
10 87
10 90
10 91
10 98
11 12
11 13
11 15
11 16
11 20
11 21
11 24
11 34
11 35
11 36
11 43
11 45
11 46
11 50
11 51
11 52
11 53
11 54
11 56
11 66
11 70
11 71
11 72
11 74
11 78
11 79
11 80
11 87
11 88
11 89
11 91
11 92
11 93
11 94
11 98
11 99
12 13
12 16
12 17
12 18
12 20
12 25
12 30
12 31
12 33
12 34
12 36
12 38
12 41
12 43
12 45
12 46
12 47
12 48
12 50
12 54
12 59
12 62
12 63
12 69
12 70
12 74
12 76
12 77
12 80
12 85
12 86
12 93
12 96
12 97
12 99
13 19
13 22
13 25
13 27
13 32
13 34
13 36
13 38
13 43
13 44
13 45
13 46
13 49
13 50
13 51
13 53
13 55
13 61
13 63
13 64
13 65
13 66
13 68
13 69
13 72
13 73
13 77
13 78
13 85
13 86
13 87
13 90
13 95
13 98
13 99
14 15
14 18
14 19
14 20
14 21
14 22
14 23
14 30
14 32
14 33
14 34
14 37
14 40
14 42
14 43
14 47
14 48
14 49
14 50
14 51
14 53
14 55
14 56
14 57
14 58
14 62
14 65
14 66
14 70
14 71
14 75
14 76
14 79
14 84
14 86
14 88
14 91
14 97
14 99
15 21
15 22
15 26
15 27
15 29
15 31
15 32
15 36
15 40
15 41
15 46
15 49
15 52
15 54
15 55
15 56
15 58
15 59
15 61
15 64
15 65
15 66
15 70
15 72
15 73
15 74
15 81
15 82
15 84
15 85
15 86
15 87
15 91
15 92
15 93
15 94
15 96
15 97
15 98
16 17
16 18
16 19
16 20
16 22
16 23
16 25
16 26
16 30
16 36
16 37
16 40
16 42
16 43
16 44
16 45
16 47
16 51
16 53
16 56
16 61
16 62
16 64
16 65
16 68
16 69
16 71
16 78
16 80
16 81
16 82
16 84
16 85
16 86
16 87
16 90
16 96
16 97
16 98
17 19
17 25
17 28
17 29
17 30
17 32
17 34
17 36
17 37
17 39
17 40
17 41
17 42
17 43
17 44
17 46
17 50
17 55
17 59
17 61
17 64
17 70
17 72
17 77
17 78
17 84
17 88
17 89
17 91
17 93
17 95
17 97
18 20
18 22
18 24
18 28
18 29
18 30
18 32
18 36
18 41
18 44
18 50
18 52
18 54
18 56
18 57
18 59
18 65
18 66
18 69
18 70
18 73
18 74
18 76
18 78
18 80
18 85
18 86
18 89
18 90
18 98
18 99
19 20
19 22
19 23
19 24
19 27
19 30
19 33
19 35
19 37
19 44
19 47
19 49
19 51
19 53
19 55
19 58
19 60
19 63
19 64
19 65
19 66
19 67
19 69
19 71
19 73
19 74
19 75
19 76
19 80
19 86
19 91
19 92
19 94
19 96
20 24
20 34
20 39
20 40
20 42
20 44
20 45
20 49
20 54
20 55
20 59
20 63
20 68
20 71
20 72
20 75
20 81
20 83
20 84
20 86
20 87
20 92
20 95
20 99
21 24
21 30
21 33
21 34
21 35
21 37
21 38
21 40
21 42
21 43
21 44
21 49
21 50
21 51
21 54
21 65
21 66
21 68
21 73
21 74
21 75
21 76
21 77
21 78
21 81
21 82
21 84
21 89
21 91
21 92
21 94
21 95
21 96
22 24
22 25
22 28
22 31
22 32
22 34
22 39
22 41
22 51
22 52
22 53
22 56
22 59
22 64
22 66
22 69
22 72
22 76
22 78
22 85
22 89
22 96
22 99
23 24
23 25
23 33
23 35
23 36
23 37
23 38
23 39
23 43
23 52
23 53
23 57
23 58
23 59
23 64
23 65
23 68
23 70
23 73
23 75
23 76
23 79
23 83
23 84
23 87
23 90
23 91
23 96
24 27
24 28
24 29
24 32
24 33
24 34
24 37
24 40
24 41
24 43
24 44
24 49
24 54
24 55
24 57
24 68
24 75
24 77
24 84
24 87
24 92
24 93
24 97
25 28
25 30
25 52
25 55
25 56
25 60
25 64
25 65
25 66
25 70
25 71
25 74
25 75
25 78
25 83
25 84
25 85
25 86
25 87
25 89
25 91
25 94
25 95
25 96
25 99
26 29
26 31
26 35
26 36
26 37
26 38
26 39
26 40
26 43
26 44
26 45
26 46
26 47
26 50
26 51
26 53
26 55
26 57
26 67
26 72
26 73
26 76
26 80
26 85
26 90
26 91
26 93
26 98
27 28
27 31
27 33
27 36
27 37
27 38
27 40
27 42
27 48
27 50
27 54
27 55
27 56
27 57
27 58
27 59
27 60
27 61
27 62
27 64
27 66
27 68
27 70
27 73
27 75
27 76
27 80
27 84
27 85
27 86
27 94
27 97
28 31
28 39
28 41
28 47
28 48
28 53
28 54
28 58
28 59
28 61
28 63
28 64
28 65
28 69
28 70
28 71
28 72
28 74
28 76
28 78
28 80
28 81
28 85
28 87
28 88
28 90
28 91
28 93
28 94
28 97
28 99
29 32
29 33
29 34
29 38
29 43
29 45
29 47
29 49
29 50
29 52
29 54
29 55
29 62
29 71
29 73
29 75
29 76
29 81
29 83
29 86
29 89
29 90
29 92
29 94
29 96
29 99
30 31
30 32
30 35
30 36
30 37
30 41
30 44
30 45
30 46
30 47
30 58
30 59
30 62
30 67
30 75
30 76
30 80
30 81
30 82
30 83
30 88
30 90
30 91
30 92
30 98
31 32
31 34
31 43
31 44
31 45
31 49
31 52
31 55
31 58
31 59
31 60
31 61
31 69
31 76
31 79
31 80
31 81
31 93
31 98
32 34
32 35
32 36
32 37
32 45
32 52
32 53
32 54
32 55
32 60
32 61
32 65
32 68
32 75
32 78
32 79
32 83
32 86
32 89
32 90
32 92
32 95
32 96
32 97
32 99
33 38
33 43
33 45
33 46
33 47
33 54
33 57
33 58
33 61
33 63
33 65
33 68
33 70
33 74
33 75
33 78
33 80
33 90
33 93
33 94
33 95
33 96
34 35
34 37
34 42
34 43
34 46
34 49
34 53
34 57
34 62
34 68
34 69
34 72
34 73
34 75
34 76
34 77
34 78
34 79
34 80
34 84
34 88
34 94
34 96
34 97
34 98
35 38
35 41
35 42
35 50
35 51
35 54
35 55
35 57
35 62
35 63
35 74
35 78
35 80
35 84
35 88
35 89
35 91
35 97
36 43
36 44
36 46
36 49
36 51
36 52
36 54
36 56
36 57
36 58
36 59
36 60
36 61
36 66
36 67
36 68
36 69
36 70
36 72
36 74
36 76
36 77
36 83
36 88
36 90
36 91
36 94
36 95
36 98
37 39
37 40
37 41
37 42
37 46
37 47
37 50
37 51
37 53
37 54
37 56
37 58
37 60
37 62
37 64
37 67
37 69
37 71
37 72
37 73
37 76
37 81
37 83
37 84
37 88
37 89
37 90
37 91
37 95
37 97
37 99
38 39
38 42
38 43
38 44
38 48
38 53
38 56
38 58
38 64
38 67
38 68
38 70
38 72
38 75
38 76
38 77
38 79
38 83
38 84
38 86
38 88
38 89
38 90
38 91
38 95
38 96
38 99
39 43
39 47
39 53
39 58
39 60
39 65
39 70
39 71
39 72
39 75
39 76
39 77
39 78
39 80
39 82
39 85
39 89
39 93
39 95
39 96
39 97
39 98
40 42
40 45
40 46
40 47
40 49
40 50
40 56
40 57
40 60
40 61
40 65
40 66
40 68
40 73
40 75
40 76
40 78
40 82
40 83
40 84
40 88
40 90
40 91
40 95
40 97
40 99
41 43
41 44
41 45
41 47
41 51
41 52
41 53
41 55
41 56
41 57
41 58
41 60
41 61
41 63
41 70
41 71
41 78
41 82
41 84
41 86
41 87
41 90
41 92
41 94
41 97
41 99
42 44
42 46
42 52
42 54
42 57
42 62
42 63
42 64
42 65
42 69
42 75
42 77
42 82
42 83
42 84
42 86
42 87
42 89
42 92
42 93
42 95
42 96
42 97
42 99
43 45
43 48
43 52
43 55
43 56
43 57
43 59
43 60
43 61
43 64
43 68
43 69
43 75
43 81
43 82
43 85
43 86
43 91
43 93
43 96
44 45
44 47
44 52
44 53
44 56
44 60
44 65
44 66
44 67
44 68
44 74
44 75
44 76
44 79
44 81
44 83
44 84
44 86
44 88
44 90
44 91
44 92
44 93
44 96
44 99
45 48
45 49
45 50
45 51
45 52
45 54
45 56
45 57
45 58
45 60
45 62
45 65
45 71
45 74
45 75
45 78
45 80
45 85
45 87
45 89
45 94
45 95
45 99
46 49
46 51
46 54
46 57
46 62
46 70
46 75
46 76
46 77
46 79
46 80
46 83
46 84
46 86
46 87
46 94
46 95
47 50
47 54
47 57
47 61
47 62
47 65
47 67
47 68
47 70
47 72
47 74
47 76
47 80
47 81
47 82
47 83
47 85
47 88
47 92
47 94
47 95
47 96
47 97
47 99
48 50
48 51
48 52
48 55
48 57
48 59
48 60
48 65
48 67
48 75
48 78
48 79
48 81
48 87
48 88
48 89
48 91
48 92
48 94
48 95
48 97
48 99
49 50
49 52
49 53
49 55
49 58
49 62
49 66
49 71
49 72
49 75
49 77
49 78
49 79
49 80
49 83
49 90
49 91
49 93
49 95
49 96
49 97
49 99
50 51
50 54
50 55
50 57
50 60
50 62
50 63
50 65
50 67
50 68
50 69
50 75
50 82
50 83
50 86
50 95
50 97
51 52
51 56
51 57
51 59
51 60
51 61
51 62
51 65
51 66
51 69
51 71
51 73
51 74
51 80
51 82
51 85
51 87
51 88
51 90
51 95
51 98
51 99
52 53
52 55
52 59
52 63
52 64
52 65
52 71
52 73
52 74
52 76
52 78
52 80
52 84
52 86
52 87
52 88
52 90
52 92
52 96
53 54
53 56
53 62
53 64
53 67
53 69
53 70
53 72
53 77
53 81
53 83
53 90
53 91
54 57
54 59
54 61
54 62
54 63
54 66
54 68
54 70
54 72
54 74
54 75
54 76
54 78
54 80
54 83
54 84
54 86
54 95
54 96
54 98
55 56
55 60
55 64
55 65
55 74
55 75
55 76
55 77
55 79
55 81
55 83
55 86
55 89
55 91
55 95
56 57
56 58
56 61
56 62
56 65
56 66
56 71
56 76
56 80
56 87
56 91
56 93
56 98
56 99
57 62
57 67
57 68
57 69
57 72
57 73
57 76
57 77
57 79
57 80
57 81
57 82
57 86
57 88
57 90
57 92
57 93
58 63
58 64
58 69
58 71
58 72
58 73
58 75
58 77
58 81
58 86
58 88
58 91
58 92
58 93
58 94
58 95
58 96
58 97
58 98
59 62
59 63
59 65
59 66
59 67
59 68
59 71
59 73
59 74
59 76
59 86
59 87
59 89
59 91
59 93
59 94
59 95
59 98
60 61
60 63
60 65
60 73
60 79
60 80
60 81
60 82
60 88
60 90
60 91
60 94
60 95
60 98
61 63
61 64
61 65
61 67
61 68
61 72
61 77
61 80
61 83
61 84
61 86
61 88
61 89
61 92
61 95
61 96
61 99
62 64
62 67
62 69
62 71
62 74
62 75
62 76
62 78
62 79
62 80
62 81
62 89
62 90
62 92
62 96
63 64
63 66
63 67
63 70
63 71
63 76
63 80
63 82
63 85
63 86
63 87
63 88
63 91
63 93
63 94
63 99
64 66
64 67
64 69
64 74
64 75
64 77
64 78
64 81
64 82
64 83
64 84
64 86
64 87
64 88
64 89
64 91
64 93
64 95
64 98
65 68
65 70
65 75
65 76
65 77
65 81
65 82
65 84
65 85
65 86
65 91
65 92
65 94
65 95
65 97
65 99
66 68
66 69
66 70
66 71
66 78
66 81
66 86
66 88
66 89
66 90
66 91
66 92
66 95
66 96
67 68
67 69
67 70
67 71
67 75
67 80
67 81
67 86
67 89
67 90
67 91
67 95
67 96
67 98
68 70
68 72
68 74
68 75
68 78
68 79
68 84
68 85
68 86
68 88
68 91
68 92
68 93
68 99
69 70
69 71
69 72
69 75
69 76
69 77
69 80
69 81
69 83
69 84
69 86
69 95
70 74
70 75
70 76
70 78
70 81
70 83
70 86
70 88
70 90
70 94
70 96
70 97
71 72
71 75
71 79
71 88
71 93
71 94
71 99
72 74
72 76
72 79
72 80
72 85
72 86
72 88
72 91
72 97
73 74
73 81
73 82
73 87
73 91
73 92
73 96
73 98
74 75
74 76
74 81
74 83
74 84
74 86
74 87
74 89
74 90
74 91
74 93
74 96
75 76
75 80
75 82
75 83
75 84
75 86
75 88
75 91
75 92
75 98
76 79
76 81
76 82
76 84
76 86
76 87
76 90
76 93
76 96
76 97
77 79
77 80
77 86
77 89
77 90
77 91
77 94
77 98
78 80
78 82
78 83
78 84
78 85
78 88
78 89
78 91
78 94
79 80
79 82
79 86
79 88
79 89
79 91
79 96
79 97
79 99
80 81
80 83
80 84
80 85
80 86
80 88
80 89
80 90
80 92
80 93
80 94
80 95
80 98
80 99
81 86
81 88
81 89
81 92
81 93
81 94
81 95
81 96
82 83
82 86
82 88
82 90
82 92
82 99
83 84
83 86
83 87
83 89
83 90
83 92
83 95
83 96
83 99
84 85
84 86
84 97
84 98
85 87
85 90
85 91
85 92
85 95
85 97
86 87
86 92
86 93
86 94
86 96
86 99
87 94
87 99
88 89
88 92
88 94
88 97
88 99
89 93
90 98
90 99
91 92
91 95
91 96
91 97
92 93
92 95
92 96
92 98
93 95
93 96
93 97
93 98
93 99
94 95
94 96
94 97
94 98
95 97
96 98
96 99
97 98
97 99
98 99
1004
0 96
0 65
0 2
0 68
0 5
0 81
0 1
0 42
0 71
0 94
0 45
0 46
0 79
0 17
0 18
0 82
0 7
0 92
0 62
0 95
1 35
1 4
1 38
1 72
1 9
1 11
1 77
1 46
1 15
1 49
1 50
1 20
1 85
1 22
1 23
1 62
1 36
1 94
1 63
2 32
2 35
2 68
2 5
2 97
2 39
2 13
2 79
2 19
2 53
2 89
2 26
2 15
2 60
2 29
2 30
2 69
3 65
3 68
3 69
3 17
3 41
3 11
3 18
3 46
3 15
3 49
3 50
3 83
3 22
3 55
3 26
3 47
3 61
3 31
4 7
4 8
4 12
4 15
4 19
4 21
4 22
4 28
4 30
4 33
4 39
4 42
4 46
4 50
4 52
4 56
4 61
4 65
4 70
4 77
4 90
4 92
4 99
5 33
5 99
5 36
5 32
5 72
5 9
5 43
5 14
5 18
5 51
5 86
5 87
5 23
5 68
5 90
5 92
5 31
6 32
6 33
6 59
6 68
6 70
6 40
6 96
6 42
6 77
6 63
6 47
6 49
6 50
6 9
6 88
6 58
6 79
6 74
6 31
7 33
7 68
7 17
7 40
7 9
7 87
7 45
7 14
7 81
7 84
7 21
7 73
7 56
7 90
7 59
7 93
7 94
8 12
8 14
8 16
8 18
8 22
8 24
8 32
8 36
8 39
8 41
8 44
8 58
8 62
8 71
8 72
8 76
8 77
8 80
8 84
8 85
8 99
9 33
9 63
9 42
9 71
9 78
9 80
9 49
9 51
9 90
9 27
9 60
9 95
10 64
10 93
10 37
10 39
10 40
10 73
10 43
10 76
10 45
10 14
10 47
10 17
10 26
10 83
10 84
10 24
10 88
10 58
10 59
10 13
10 31
11 32
11 34
11 36
11 70
11 13
11 15
11 86
11 87
11 56
11 91
11 29
11 95
12 16
12 20
12 25
12 27
12 37
12 38
12 42
12 45
12 46
12 47
12 58
12 60
12 63
12 74
12 76
12 77
12 78
12 79
12 80
12 89
12 92
13 19
13 20
13 24
13 31
13 43
13 48
13 50
13 51
13 56
13 65
13 69
13 71
13 74
13 80
13 81
13 82
13 84
13 90
13 94
13 96
13 98
14 17
14 24
14 25
14 31
14 35
14 39
14 40
14 50
14 53
14 55
14 63
14 64
14 70
14 75
14 78
14 79
14 87
14 92
14 98
15 16
15 26
15 30
15 33
15 36
15 41
15 50
15 54
15 65
15 66
15 68
15 80
15 82
15 83
15 88
15 90
15 98
16 65
16 38
16 70
16 40
16 43
16 77
16 80
16 72
16 50
16 51
16 24
16 87
16 56
16 88
16 63
16 92
16 30
16 95
17 18
17 26
17 29
17 31
17 36
17 50
17 51
17 58
17 59
17 61
17 63
17 74
17 76
17 81
17 86
17 93
17 94
17 99
18 66
18 67
18 36
18 40
18 42
18 77
18 20
18 89
18 90
18 95
18 93
18 30
18 69
19 22
19 25
19 33
19 39
19 46
19 53
19 54
19 55
19 60
19 62
19 63
19 64
19 67
19 72
19 75
19 77
19 80
19 85
19 89
19 94
20 22
20 25
20 34
20 42
20 47
20 48
20 53
20 61
20 62
20 68
20 73
20 77
20 78
20 79
20 80
20 85
20 90
20 93
20 99
21 64
21 67
21 69
21 38
21 92
21 43
21 81
21 87
21 36
21 70
21 61
21 94
21 95
22 23
22 26
22 27
22 34
22 52
22 57
22 58
22 61
22 66
22 67
22 69
22 70
22 71
22 72
22 80
22 89
22 90
22 91
22 95
22 98
23 98
23 67
23 42
23 34
23 78
23 26
23 94
23 89
23 58
23 27
23 61
23 62
24 64
24 36
24 69
24 73
24 44
24 46
24 49
24 94
24 54
24 88
24 25
24 92
24 74
24 30
25 65
25 37
25 71
25 40
25 75
25 77
25 46
25 55
25 85
26 29
26 32
26 34
26 37
26 38
26 41
26 46
26 48
26 56
26 64
26 69
26 70
26 71
26 76
26 79
26 83
26 86
26 88
26 89
26 94
27 64
27 65
27 98
27 36
27 70
27 71
27 74
27 75
27 76
27 49
27 83
27 84
27 57
27 89
27 39
27 31
28 96
28 97
28 35
28 39
28 43
28 86
28 56
28 58
28 31
28 95
29 35
29 36
29 41
29 44
29 46
29 47
29 53
29 55
29 58
29 60
29 65
29 71
29 72
29 85
29 90
29 92
29 96
29 98
30 33
30 36
30 97
30 72
30 42
30 43
30 78
30 84
30 54
30 87
30 90
30 92
30 63
31 97
31 98
31 71
31 43
31 44
31 84
31 56
31 39
31 69
32 65
32 38
32 41
32 44
32 98
32 46
32 47
32 81
32 50
32 78
32 58
32 79
32 92
32 69
33 35
33 38
33 40
33 44
33 50
33 55
33 61
33 62
33 79
33 80
33 81
33 82
33 87
33 89
33 95
34 35
34 39
34 42
34 45
34 53
34 54
34 55
34 58
34 60
34 66
34 68
34 73
34 75
34 78
34 82
34 85
34 88
34 90
34 94
34 96
34 97
35 37
35 42
35 58
35 66
35 67
35 68
35 78
35 79
35 87
35 88
35 90
35 91
35 92
35 93
35 95
36 42
36 53
36 59
36 60
36 65
36 77
36 79
36 83
36 85
36 91
37 65
37 69
37 38
37 41
37 44
37 61
37 48
37 53
37 90
37 94
38 99
38 71
38 41
38 79
38 48
38 51
38 84
38 73
38 94
39 98
39 68
39 41
39 42
39 75
39 47
39 52
39 83
39 58
39 59
40 98
40 44
40 45
40 48
40 54
40 92
41 47
41 48
41 51
41 62
41 69
41 74
41 77
41 81
41 82
41 84
41 88
41 90
41 91
41 92
41 93
42 43
42 44
42 45
42 50
42 57
42 61
42 65
42 67
42 77
42 78
42 81
42 89
42 90
42 95
43 64
43 72
43 75
43 46
43 61
43 81
43 83
43 56
43 58
43 63
44 45
44 78
44 84
44 62
44 54
44 87
44 52
44 59
44 72
45 65
45 67
45 73
45 61
45 77
45 47
45 48
45 83
45 52
45 86
45 57
45 94
46 65
46 64
46 73
46 78
46 93
46 58
47 48
47 53
47 54
47 55
47 67
47 69
47 75
47 82
47 90
47 92
47 94
47 98
47 99
48 97
48 77
48 49
48 51
48 52
48 62
48 55
48 93
48 94
49 96
49 66
49 68
49 69
49 91
49 72
49 74
49 78
49 82
49 85
49 56
49 90
50 98
50 72
50 51
50 85
50 57
50 59
50 79
51 97
51 98
51 57
51 83
51 52
51 53
51 87
51 89
51 59
51 70
51 69
52 64
52 80
52 98
52 73
52 77
52 76
52 84
52 61
53 96
53 66
53 71
53 72
53 74
53 75
53 82
53 78
53 57
54 97
54 70
54 74
54 83
54 80
54 81
54 56
54 86
54 55
54 88
54 72
54 58
55 59
55 60
55 61
55 63
55 75
55 80
55 83
55 84
55 96
55 97
55 98
55 99
56 71
56 76
56 68
57 97
57 98
57 91
57 78
57 80
57 81
57 90
57 92
57 62
57 85
58 61
58 62
58 65
58 71
58 72
58 74
58 79
58 81
58 82
58 95
58 96
59 65
59 70
59 63
59 94
59 68
59 91
59 62
59 95
60 70
60 72
60 75
60 98
60 78
60 77
60 86
60 88
60 68
61 72
61 82
61 83
61 62
61 86
61 93
62 67
62 79
62 85
62 90
62 92
62 95
62 97
62 100
63 64
63 69
63 81
63 91
63 92
63 93
64 96
64 97
64 66
64 74
64 82
64 78
64 87
64 91
65 66
65 69
65 70
65 75
65 77
65 79
65 86
65 89
65 91
65 93
65 96
65 99
66 97
66 98
66 68
66 70
66 78
66 80
67 97
67 76
67 80
67 99
67 86
67 88
67 91
68 79
68 82
68 87
68 91
68 92
68 97
69 70
69 73
69 74
69 88
69 90
69 94
69 96
69 97
70 78
70 80
70 82
70 84
70 89
70 90
70 96
71 99
71 80
71 82
71 73
71 89
71 91
71 94
72 77
72 86
72 92
72 93
72 98
72 99
73 96
73 75
73 77
73 94
73 89
73 90
74 97
74 77
74 80
74 85
74 86
75 79
75 82
75 84
75 89
75 83
76 96
76 98
76 80
76 81
76 99
76 86
77 79
77 84
77 86
77 94
78 79
78 83
78 86
78 96
78 99
79 88
79 91
79 96
79 98
81 98
81 85
81 92
82 86
82 87
82 90
82 93
82 94
82 97
83 84
83 86
83 88
83 93
83 94
83 96
83 97
83 99
84 95
85 99
85 89
85 90
86 89
86 91
86 94
87 97
87 88
87 90
88 98
88 99
88 89
89 91
92 97
93 94
94 95
97 99
98 99
